(kicad_pcb (version 20170123) (host pcbnew "(2017-09-02 revision 1fe91e625)-makepkg")

  (general
    (thickness 1.6)
    (drawings 5)
    (tracks 164)
    (zones 0)
    (modules 25)
    (nets 48)
  )

  (page A4)
  (layers
    (0 F.Cu signal)
    (31 B.Cu signal)
    (32 B.Adhes user)
    (33 F.Adhes user)
    (34 B.Paste user)
    (35 F.Paste user)
    (36 B.SilkS user)
    (37 F.SilkS user)
    (38 B.Mask user)
    (39 F.Mask user)
    (40 Dwgs.User user)
    (41 Cmts.User user)
    (42 Eco1.User user)
    (43 Eco2.User user)
    (44 Edge.Cuts user)
    (45 Margin user)
    (46 B.CrtYd user)
    (47 F.CrtYd user)
    (48 B.Fab user)
    (49 F.Fab user hide)
  )

  (setup
    (last_trace_width 0.25)
    (trace_clearance 0.2)
    (zone_clearance 0.508)
    (zone_45_only no)
    (trace_min 0.2)
    (segment_width 0.2)
    (edge_width 0.15)
    (via_size 0.8)
    (via_drill 0.4)
    (via_min_size 0.4)
    (via_min_drill 0.3)
    (uvia_size 0.3)
    (uvia_drill 0.1)
    (uvias_allowed no)
    (uvia_min_size 0.2)
    (uvia_min_drill 0.1)
    (pcb_text_width 0.3)
    (pcb_text_size 1.5 1.5)
    (mod_edge_width 0.15)
    (mod_text_size 1 1)
    (mod_text_width 0.15)
    (pad_size 1.524 1.524)
    (pad_drill 0.762)
    (pad_to_mask_clearance 0.2)
    (aux_axis_origin 0 0)
    (visible_elements 7FFFFFFF)
    (pcbplotparams
      (layerselection 0x00030_ffffffff)
      (usegerberextensions false)
      (usegerberattributes true)
      (usegerberadvancedattributes true)
      (creategerberjobfile true)
      (excludeedgelayer true)
      (linewidth 0.100000)
      (plotframeref false)
      (viasonmask false)
      (mode 1)
      (useauxorigin false)
      (hpglpennumber 1)
      (hpglpenspeed 20)
      (hpglpendiameter 15)
      (psnegative false)
      (psa4output false)
      (plotreference true)
      (plotvalue true)
      (plotinvisibletext false)
      (padsonsilk false)
      (subtractmaskfromsilk false)
      (outputformat 1)
      (mirror false)
      (drillshape 0)
      (scaleselection 1)
      (outputdirectory gerbers))
  )

  (net 0 "")
  (net 1 "Net-(J1-Pad4)")
  (net 2 "Net-(R2-Pad1)")
  (net 3 "Net-(U1-Pad2)")
  (net 4 "Net-(R1-Pad1)")
  (net 5 "Net-(R7-Pad2)")
  (net 6 "Net-(R8-Pad1)")
  (net 7 "Net-(R6-Pad2)")
  (net 8 "Net-(R9-Pad1)")
  (net 9 "Net-(J1-Pad1)")
  (net 10 "Net-(R4-Pad1)")
  (net 11 "Net-(U1-Pad11)")
  (net 12 "Net-(R3-Pad1)")
  (net 13 "Net-(J1-Pad3)")
  (net 14 "Net-(J1-Pad2)")
  (net 15 "Net-(U1-Pad17)")
  (net 16 "Net-(U1-Pad18)")
  (net 17 "Net-(U1-Pad19)")
  (net 18 "Net-(U1-Pad20)")
  (net 19 "Net-(U1-Pad21)")
  (net 20 "Net-(U1-Pad22)")
  (net 21 "Net-(D2-Pad2)")
  (net 22 "Net-(D2-Pad1)")
  (net 23 "Net-(D3-Pad1)")
  (net 24 "Net-(D3-Pad2)")
  (net 25 "Net-(R17-Pad2)")
  (net 26 "Net-(R14-Pad2)")
  (net 27 "Net-(R18-Pad2)")
  (net 28 "Net-(J2-Pad1)")
  (net 29 "Net-(R15-Pad2)")
  (net 30 "Net-(R6-Pad1)")
  (net 31 "Net-(R19-Pad2)")
  (net 32 "Net-(R16-Pad2)")
  (net 33 "Net-(R7-Pad1)")
  (net 34 "Net-(U5-Pad6)")
  (net 35 "Net-(U5-Pad3)")
  (net 36 "Net-(U6-Pad5)")
  (net 37 "Net-(U6-Pad3)")
  (net 38 "Net-(U7-Pad6)")
  (net 39 "Net-(U7-Pad3)")
  (net 40 "Net-(U8-Pad5)")
  (net 41 "Net-(U8-Pad3)")
  (net 42 "Net-(J2-Pad4)")
  (net 43 "Net-(J2-Pad6)")
  (net 44 "Net-(D2-Pad3)")
  (net 45 "Net-(U1-Pad13)")
  (net 46 "Net-(U1-Pad14)")
  (net 47 "Net-(U2-Pad3)")

  (net_class Default "Esta es la clase de red por defecto."
    (clearance 0.2)
    (trace_width 0.25)
    (via_dia 0.8)
    (via_drill 0.4)
    (uvia_dia 0.3)
    (uvia_drill 0.1)
    (add_net "Net-(D2-Pad1)")
    (add_net "Net-(D2-Pad2)")
    (add_net "Net-(D2-Pad3)")
    (add_net "Net-(D3-Pad1)")
    (add_net "Net-(D3-Pad2)")
    (add_net "Net-(J1-Pad1)")
    (add_net "Net-(J1-Pad2)")
    (add_net "Net-(J1-Pad3)")
    (add_net "Net-(J1-Pad4)")
    (add_net "Net-(J2-Pad1)")
    (add_net "Net-(J2-Pad4)")
    (add_net "Net-(J2-Pad6)")
    (add_net "Net-(R1-Pad1)")
    (add_net "Net-(R14-Pad2)")
    (add_net "Net-(R15-Pad2)")
    (add_net "Net-(R16-Pad2)")
    (add_net "Net-(R17-Pad2)")
    (add_net "Net-(R18-Pad2)")
    (add_net "Net-(R19-Pad2)")
    (add_net "Net-(R2-Pad1)")
    (add_net "Net-(R3-Pad1)")
    (add_net "Net-(R4-Pad1)")
    (add_net "Net-(R6-Pad1)")
    (add_net "Net-(R6-Pad2)")
    (add_net "Net-(R7-Pad1)")
    (add_net "Net-(R7-Pad2)")
    (add_net "Net-(R8-Pad1)")
    (add_net "Net-(R9-Pad1)")
    (add_net "Net-(U1-Pad11)")
    (add_net "Net-(U1-Pad13)")
    (add_net "Net-(U1-Pad14)")
    (add_net "Net-(U1-Pad17)")
    (add_net "Net-(U1-Pad18)")
    (add_net "Net-(U1-Pad19)")
    (add_net "Net-(U1-Pad2)")
    (add_net "Net-(U1-Pad20)")
    (add_net "Net-(U1-Pad21)")
    (add_net "Net-(U1-Pad22)")
    (add_net "Net-(U2-Pad3)")
    (add_net "Net-(U5-Pad3)")
    (add_net "Net-(U5-Pad6)")
    (add_net "Net-(U6-Pad3)")
    (add_net "Net-(U6-Pad5)")
    (add_net "Net-(U7-Pad3)")
    (add_net "Net-(U7-Pad6)")
    (add_net "Net-(U8-Pad3)")
    (add_net "Net-(U8-Pad5)")
  )

  (module pniaps:HLK-PM01 placed (layer F.Cu) (tedit 58A67445) (tstamp 59BB8A95)
    (at 208.28 69.215 90)
    (path /59A361F9)
    (fp_text reference U9 (at -4.95 2.5 180) (layer F.SilkS)
      (effects (font (size 1 1) (thickness 0.15)))
    )
    (fp_text value HLK-PM01 (at 14.7 2.5 90) (layer F.Fab)
      (effects (font (size 1 1) (thickness 0.15)))
    )
    (fp_line (start -3.75 13.949999) (end 33.15 13.95) (layer F.SilkS) (width 0.15))
    (fp_line (start 33.15 13.95) (end 33.15 -8.949999) (layer F.SilkS) (width 0.15))
    (fp_line (start 33.15 -8.949999) (end -3.75 -8.95) (layer F.SilkS) (width 0.15))
    (fp_line (start -3.75 -8.95) (end -3.75 -1.316666) (layer F.SilkS) (width 0.15))
    (fp_line (start -3.75056 -1.36334) (end -3.75056 6.269992) (layer F.SilkS) (width 0.15))
    (fp_line (start -3.75 6.316666) (end -3.75 13.949999) (layer F.SilkS) (width 0.15))
    (pad 1 thru_hole circle (at 0 0 90) (size 3 3) (drill 1.5) (layers *.Cu *.Mask F.SilkS)
      (net 44 "Net-(D2-Pad3)"))
    (pad 2 thru_hole circle (at 0 5 90) (size 3 3) (drill 1.5) (layers *.Cu *.Mask F.SilkS)
      (net 28 "Net-(J2-Pad1)"))
    (pad 4 thru_hole circle (at 29.4 -5.2 90) (size 3 3) (drill 1.5) (layers *.Cu *.Mask F.SilkS)
      (net 1 "Net-(J1-Pad4)"))
    (pad 3 thru_hole circle (at 29.4 10.2 90) (size 3 3) (drill 1.5) (layers *.Cu *.Mask F.SilkS)
      (net 47 "Net-(U2-Pad3)"))
    (model ${PNIAPSLIB}/pniaps.3dshapes/hlk-pm01.wrl
      (at (xyz -0.09055100000000001 -0.492126 0))
      (scale (xyz 1 1 1))
      (rotate (xyz 0 0 0))
    )
  )

  (module Resistors_SMD:R_2512_HandSoldering (layer F.Cu) (tedit 58E0A804) (tstamp 59C32815)
    (at 191.77 42.545 180)
    (descr "Resistor SMD 2512, hand soldering")
    (tags "resistor 2512")
    (path /59A52CE3)
    (attr smd)
    (fp_text reference R14 (at 0 -2.6 180) (layer F.SilkS)
      (effects (font (size 1 1) (thickness 0.15)))
    )
    (fp_text value 33K (at 0 2.75 180) (layer F.Fab)
      (effects (font (size 1 1) (thickness 0.15)))
    )
    (fp_text user %R (at 0 0 180) (layer F.Fab)
      (effects (font (size 1 1) (thickness 0.15)))
    )
    (fp_line (start -3.15 1.6) (end -3.15 -1.6) (layer F.Fab) (width 0.1))
    (fp_line (start 3.15 1.6) (end -3.15 1.6) (layer F.Fab) (width 0.1))
    (fp_line (start 3.15 -1.6) (end 3.15 1.6) (layer F.Fab) (width 0.1))
    (fp_line (start -3.15 -1.6) (end 3.15 -1.6) (layer F.Fab) (width 0.1))
    (fp_line (start 2.6 1.82) (end -2.6 1.82) (layer F.SilkS) (width 0.12))
    (fp_line (start -2.6 -1.82) (end 2.6 -1.82) (layer F.SilkS) (width 0.12))
    (fp_line (start -5.56 -1.85) (end 5.55 -1.85) (layer F.CrtYd) (width 0.05))
    (fp_line (start -5.56 -1.85) (end -5.56 1.85) (layer F.CrtYd) (width 0.05))
    (fp_line (start 5.55 1.85) (end 5.55 -1.85) (layer F.CrtYd) (width 0.05))
    (fp_line (start 5.55 1.85) (end -5.56 1.85) (layer F.CrtYd) (width 0.05))
    (pad 1 smd rect (at -3.95 0 180) (size 2.7 3.2) (layers F.Cu F.Paste F.Mask)
      (net 43 "Net-(J2-Pad6)"))
    (pad 2 smd rect (at 3.95 0 180) (size 2.7 3.2) (layers F.Cu F.Paste F.Mask)
      (net 26 "Net-(R14-Pad2)"))
    (model ${KISYS3DMOD}/Resistors_SMD.3dshapes/R_2512.wrl
      (at (xyz 0 0 0))
      (scale (xyz 1 1 1))
      (rotate (xyz 0 0 0))
    )
  )

  (module Resistors_SMD:R_2512_HandSoldering (layer F.Cu) (tedit 58E0A804) (tstamp 59C32805)
    (at 191.77 36.83 180)
    (descr "Resistor SMD 2512, hand soldering")
    (tags "resistor 2512")
    (path /59A52CE9)
    (attr smd)
    (fp_text reference R15 (at 0 -2.6 180) (layer F.SilkS)
      (effects (font (size 1 1) (thickness 0.15)))
    )
    (fp_text value 33K (at 0 2.75 180) (layer F.Fab)
      (effects (font (size 1 1) (thickness 0.15)))
    )
    (fp_line (start 5.55 1.85) (end -5.56 1.85) (layer F.CrtYd) (width 0.05))
    (fp_line (start 5.55 1.85) (end 5.55 -1.85) (layer F.CrtYd) (width 0.05))
    (fp_line (start -5.56 -1.85) (end -5.56 1.85) (layer F.CrtYd) (width 0.05))
    (fp_line (start -5.56 -1.85) (end 5.55 -1.85) (layer F.CrtYd) (width 0.05))
    (fp_line (start -2.6 -1.82) (end 2.6 -1.82) (layer F.SilkS) (width 0.12))
    (fp_line (start 2.6 1.82) (end -2.6 1.82) (layer F.SilkS) (width 0.12))
    (fp_line (start -3.15 -1.6) (end 3.15 -1.6) (layer F.Fab) (width 0.1))
    (fp_line (start 3.15 -1.6) (end 3.15 1.6) (layer F.Fab) (width 0.1))
    (fp_line (start 3.15 1.6) (end -3.15 1.6) (layer F.Fab) (width 0.1))
    (fp_line (start -3.15 1.6) (end -3.15 -1.6) (layer F.Fab) (width 0.1))
    (fp_text user %R (at 0 0 180) (layer F.Fab)
      (effects (font (size 1 1) (thickness 0.15)))
    )
    (pad 2 smd rect (at 3.95 0 180) (size 2.7 3.2) (layers F.Cu F.Paste F.Mask)
      (net 29 "Net-(R15-Pad2)"))
    (pad 1 smd rect (at -3.95 0 180) (size 2.7 3.2) (layers F.Cu F.Paste F.Mask)
      (net 28 "Net-(J2-Pad1)"))
    (model ${KISYS3DMOD}/Resistors_SMD.3dshapes/R_2512.wrl
      (at (xyz 0 0 0))
      (scale (xyz 1 1 1))
      (rotate (xyz 0 0 0))
    )
  )

  (module Resistors_SMD:R_2512_HandSoldering (layer F.Cu) (tedit 58E0A804) (tstamp 59C327F5)
    (at 191.77 71.755 180)
    (descr "Resistor SMD 2512, hand soldering")
    (tags "resistor 2512")
    (path /59A52DC5)
    (attr smd)
    (fp_text reference R17 (at 0 -2.6 180) (layer F.SilkS)
      (effects (font (size 1 1) (thickness 0.15)))
    )
    (fp_text value 33K (at 0 2.75 180) (layer F.Fab)
      (effects (font (size 1 1) (thickness 0.15)))
    )
    (fp_text user %R (at 0 0 180) (layer F.Fab)
      (effects (font (size 1 1) (thickness 0.15)))
    )
    (fp_line (start -3.15 1.6) (end -3.15 -1.6) (layer F.Fab) (width 0.1))
    (fp_line (start 3.15 1.6) (end -3.15 1.6) (layer F.Fab) (width 0.1))
    (fp_line (start 3.15 -1.6) (end 3.15 1.6) (layer F.Fab) (width 0.1))
    (fp_line (start -3.15 -1.6) (end 3.15 -1.6) (layer F.Fab) (width 0.1))
    (fp_line (start 2.6 1.82) (end -2.6 1.82) (layer F.SilkS) (width 0.12))
    (fp_line (start -2.6 -1.82) (end 2.6 -1.82) (layer F.SilkS) (width 0.12))
    (fp_line (start -5.56 -1.85) (end 5.55 -1.85) (layer F.CrtYd) (width 0.05))
    (fp_line (start -5.56 -1.85) (end -5.56 1.85) (layer F.CrtYd) (width 0.05))
    (fp_line (start 5.55 1.85) (end 5.55 -1.85) (layer F.CrtYd) (width 0.05))
    (fp_line (start 5.55 1.85) (end -5.56 1.85) (layer F.CrtYd) (width 0.05))
    (pad 1 smd rect (at -3.95 0 180) (size 2.7 3.2) (layers F.Cu F.Paste F.Mask)
      (net 42 "Net-(J2-Pad4)"))
    (pad 2 smd rect (at 3.95 0 180) (size 2.7 3.2) (layers F.Cu F.Paste F.Mask)
      (net 25 "Net-(R17-Pad2)"))
    (model ${KISYS3DMOD}/Resistors_SMD.3dshapes/R_2512.wrl
      (at (xyz 0 0 0))
      (scale (xyz 1 1 1))
      (rotate (xyz 0 0 0))
    )
  )

  (module Resistors_SMD:R_2512_HandSoldering (layer F.Cu) (tedit 58E0A804) (tstamp 59C327E5)
    (at 191.77 66.675 180)
    (descr "Resistor SMD 2512, hand soldering")
    (tags "resistor 2512")
    (path /59A52DCB)
    (attr smd)
    (fp_text reference R18 (at 0 -2.6 180) (layer F.SilkS)
      (effects (font (size 1 1) (thickness 0.15)))
    )
    (fp_text value 33K (at 0 2.75 180) (layer F.Fab)
      (effects (font (size 1 1) (thickness 0.15)))
    )
    (fp_line (start 5.55 1.85) (end -5.56 1.85) (layer F.CrtYd) (width 0.05))
    (fp_line (start 5.55 1.85) (end 5.55 -1.85) (layer F.CrtYd) (width 0.05))
    (fp_line (start -5.56 -1.85) (end -5.56 1.85) (layer F.CrtYd) (width 0.05))
    (fp_line (start -5.56 -1.85) (end 5.55 -1.85) (layer F.CrtYd) (width 0.05))
    (fp_line (start -2.6 -1.82) (end 2.6 -1.82) (layer F.SilkS) (width 0.12))
    (fp_line (start 2.6 1.82) (end -2.6 1.82) (layer F.SilkS) (width 0.12))
    (fp_line (start -3.15 -1.6) (end 3.15 -1.6) (layer F.Fab) (width 0.1))
    (fp_line (start 3.15 -1.6) (end 3.15 1.6) (layer F.Fab) (width 0.1))
    (fp_line (start 3.15 1.6) (end -3.15 1.6) (layer F.Fab) (width 0.1))
    (fp_line (start -3.15 1.6) (end -3.15 -1.6) (layer F.Fab) (width 0.1))
    (fp_text user %R (at 0 0 180) (layer F.Fab)
      (effects (font (size 1 1) (thickness 0.15)))
    )
    (pad 2 smd rect (at 3.95 0 180) (size 2.7 3.2) (layers F.Cu F.Paste F.Mask)
      (net 27 "Net-(R18-Pad2)"))
    (pad 1 smd rect (at -3.95 0 180) (size 2.7 3.2) (layers F.Cu F.Paste F.Mask)
      (net 28 "Net-(J2-Pad1)"))
    (model ${KISYS3DMOD}/Resistors_SMD.3dshapes/R_2512.wrl
      (at (xyz 0 0 0))
      (scale (xyz 1 1 1))
      (rotate (xyz 0 0 0))
    )
  )

  (module Connectors_Terminal_Blocks:TerminalBlock_Pheonix_MKDS1.5-6pol (layer F.Cu) (tedit 563008B5) (tstamp 59BAB371)
    (at 228.6 66.675 90)
    (descr "6-way 5mm pitch terminal block, Phoenix MKDS series")
    (path /59A37682)
    (fp_text reference J2 (at 12.5 5.9 90) (layer F.SilkS)
      (effects (font (size 1 1) (thickness 0.15)))
    )
    (fp_text value Line (at 12.5 -6.6 90) (layer F.Fab)
      (effects (font (size 1 1) (thickness 0.15)))
    )
    (fp_line (start -2.5 -5.2) (end -2.5 4.6) (layer F.SilkS) (width 0.15))
    (fp_line (start 27.5 -5.2) (end -2.5 -5.2) (layer F.SilkS) (width 0.15))
    (fp_line (start 27.5 4.6) (end 27.5 -5.2) (layer F.SilkS) (width 0.15))
    (fp_line (start -2.5 4.6) (end 27.5 4.6) (layer F.SilkS) (width 0.15))
    (fp_line (start -2.5 4.1) (end 27.5 4.1) (layer F.SilkS) (width 0.15))
    (fp_line (start -2.5 -2.3) (end 27.5 -2.3) (layer F.SilkS) (width 0.15))
    (fp_line (start -2.5 2.6) (end 27.5 2.6) (layer F.SilkS) (width 0.15))
    (fp_circle (center 0 0.1) (end 2 0.1) (layer F.SilkS) (width 0.15))
    (fp_circle (center 5 0.1) (end 3 0.1) (layer F.SilkS) (width 0.15))
    (fp_line (start 2.5 4.1) (end 2.5 4.6) (layer F.SilkS) (width 0.15))
    (fp_line (start 7.5 4.1) (end 7.5 4.6) (layer F.SilkS) (width 0.15))
    (fp_circle (center 10 0.1) (end 8 0.1) (layer F.SilkS) (width 0.15))
    (fp_circle (center 15 0.1) (end 13 0.1) (layer F.SilkS) (width 0.15))
    (fp_line (start 12.5 4.1) (end 12.5 4.6) (layer F.SilkS) (width 0.15))
    (fp_circle (center 20 0.1) (end 18 0.1) (layer F.SilkS) (width 0.15))
    (fp_line (start 17.5 4.1) (end 17.5 4.6) (layer F.SilkS) (width 0.15))
    (fp_line (start 22.5 4.1) (end 22.5 4.6) (layer F.SilkS) (width 0.15))
    (fp_circle (center 25 0.1) (end 23 0.1) (layer F.SilkS) (width 0.15))
    (fp_line (start 27.7 -5.4) (end 27.7 4.8) (layer F.CrtYd) (width 0.05))
    (fp_line (start 27.7 4.8) (end -2.7 4.8) (layer F.CrtYd) (width 0.05))
    (fp_line (start -2.7 4.8) (end -2.7 -5.4) (layer F.CrtYd) (width 0.05))
    (fp_line (start -2.7 -5.4) (end 27.7 -5.4) (layer F.CrtYd) (width 0.05))
    (pad 2 thru_hole circle (at 5 0 90) (size 2.5 2.5) (drill 1.3) (layers *.Cu *.Mask)
      (net 44 "Net-(D2-Pad3)"))
    (pad 1 thru_hole rect (at 0 0 90) (size 2.5 2.5) (drill 1.3) (layers *.Cu *.Mask)
      (net 28 "Net-(J2-Pad1)"))
    (pad 3 thru_hole circle (at 10 0 90) (size 2.5 2.5) (drill 1.3) (layers *.Cu *.Mask)
      (net 23 "Net-(D3-Pad1)"))
    (pad 4 thru_hole circle (at 15 0 90) (size 2.5 2.5) (drill 1.3) (layers *.Cu *.Mask)
      (net 42 "Net-(J2-Pad4)"))
    (pad 5 thru_hole circle (at 20 0 90) (size 2.5 2.5) (drill 1.3) (layers *.Cu *.Mask)
      (net 22 "Net-(D2-Pad1)"))
    (pad 6 thru_hole circle (at 25 0 90) (size 2.5 2.5) (drill 1.3) (layers *.Cu *.Mask)
      (net 43 "Net-(J2-Pad6)"))
    (model Terminal_Blocks.3dshapes/TerminalBlock_Pheonix_MKDS1.5-6pol.wrl
      (at (xyz 0.4921 0 0))
      (scale (xyz 1 1 1))
      (rotate (xyz 0 0 0))
    )
  )

  (module Housings_DIP:DIP-6_W7.62mm (layer F.Cu) (tedit 58CC8E33) (tstamp 59BB8D40)
    (at 176.53 56.515)
    (descr "6-lead dip package, row spacing 7.62 mm (300 mils)")
    (tags "DIL DIP PDIP 2.54mm 7.62mm 300mil")
    (path /59A36702)
    (fp_text reference U8 (at 3.81 -2.39) (layer F.SilkS)
      (effects (font (size 1 1) (thickness 0.15)))
    )
    (fp_text value MOC3023M (at 3.81 7.47) (layer F.Fab)
      (effects (font (size 1 1) (thickness 0.15)))
    )
    (fp_text user %R (at 3.81 2.54) (layer F.Fab)
      (effects (font (size 1 1) (thickness 0.15)))
    )
    (fp_line (start 1.635 -1.27) (end 6.985 -1.27) (layer F.Fab) (width 0.1))
    (fp_line (start 6.985 -1.27) (end 6.985 6.35) (layer F.Fab) (width 0.1))
    (fp_line (start 6.985 6.35) (end 0.635 6.35) (layer F.Fab) (width 0.1))
    (fp_line (start 0.635 6.35) (end 0.635 -0.27) (layer F.Fab) (width 0.1))
    (fp_line (start 0.635 -0.27) (end 1.635 -1.27) (layer F.Fab) (width 0.1))
    (fp_line (start 2.81 -1.39) (end 1.04 -1.39) (layer F.SilkS) (width 0.12))
    (fp_line (start 1.04 -1.39) (end 1.04 6.47) (layer F.SilkS) (width 0.12))
    (fp_line (start 1.04 6.47) (end 6.58 6.47) (layer F.SilkS) (width 0.12))
    (fp_line (start 6.58 6.47) (end 6.58 -1.39) (layer F.SilkS) (width 0.12))
    (fp_line (start 6.58 -1.39) (end 4.81 -1.39) (layer F.SilkS) (width 0.12))
    (fp_line (start -1.1 -1.6) (end -1.1 6.6) (layer F.CrtYd) (width 0.05))
    (fp_line (start -1.1 6.6) (end 8.7 6.6) (layer F.CrtYd) (width 0.05))
    (fp_line (start 8.7 6.6) (end 8.7 -1.6) (layer F.CrtYd) (width 0.05))
    (fp_line (start 8.7 -1.6) (end -1.1 -1.6) (layer F.CrtYd) (width 0.05))
    (fp_arc (start 3.81 -1.39) (end 2.81 -1.39) (angle -180) (layer F.SilkS) (width 0.12))
    (pad 1 thru_hole rect (at 0 0) (size 1.6 1.6) (drill 0.8) (layers *.Cu *.Mask)
      (net 33 "Net-(R7-Pad1)"))
    (pad 4 thru_hole oval (at 7.62 5.08) (size 1.6 1.6) (drill 0.8) (layers *.Cu *.Mask)
      (net 31 "Net-(R19-Pad2)"))
    (pad 2 thru_hole oval (at 0 2.54) (size 1.6 1.6) (drill 0.8) (layers *.Cu *.Mask)
      (net 1 "Net-(J1-Pad4)"))
    (pad 5 thru_hole oval (at 7.62 2.54) (size 1.6 1.6) (drill 0.8) (layers *.Cu *.Mask)
      (net 40 "Net-(U8-Pad5)"))
    (pad 3 thru_hole oval (at 0 5.08) (size 1.6 1.6) (drill 0.8) (layers *.Cu *.Mask)
      (net 41 "Net-(U8-Pad3)"))
    (pad 6 thru_hole oval (at 7.62 0) (size 1.6 1.6) (drill 0.8) (layers *.Cu *.Mask)
      (net 23 "Net-(D3-Pad1)"))
    (model ${KISYS3DMOD}/Housings_DIP.3dshapes/DIP-6_W7.62mm.wrl
      (at (xyz 0 0 0))
      (scale (xyz 1 1 1))
      (rotate (xyz 0 0 0))
    )
  )

  (module Housings_DIP:DIP-6_W7.62mm (layer F.Cu) (tedit 58CC8E33) (tstamp 59BB8D26)
    (at 184.15 70.485 180)
    (descr "6-lead dip package, row spacing 7.62 mm (300 mils)")
    (tags "DIL DIP PDIP 2.54mm 7.62mm 300mil")
    (path /59A375C1)
    (fp_text reference U7 (at 3.81 -2.39 180) (layer F.SilkS)
      (effects (font (size 1 1) (thickness 0.15)))
    )
    (fp_text value H11AA1 (at 3.81 7.47 180) (layer F.Fab)
      (effects (font (size 1 1) (thickness 0.15)))
    )
    (fp_arc (start 3.81 -1.39) (end 2.81 -1.39) (angle -180) (layer F.SilkS) (width 0.12))
    (fp_line (start 8.7 -1.6) (end -1.1 -1.6) (layer F.CrtYd) (width 0.05))
    (fp_line (start 8.7 6.6) (end 8.7 -1.6) (layer F.CrtYd) (width 0.05))
    (fp_line (start -1.1 6.6) (end 8.7 6.6) (layer F.CrtYd) (width 0.05))
    (fp_line (start -1.1 -1.6) (end -1.1 6.6) (layer F.CrtYd) (width 0.05))
    (fp_line (start 6.58 -1.39) (end 4.81 -1.39) (layer F.SilkS) (width 0.12))
    (fp_line (start 6.58 6.47) (end 6.58 -1.39) (layer F.SilkS) (width 0.12))
    (fp_line (start 1.04 6.47) (end 6.58 6.47) (layer F.SilkS) (width 0.12))
    (fp_line (start 1.04 -1.39) (end 1.04 6.47) (layer F.SilkS) (width 0.12))
    (fp_line (start 2.81 -1.39) (end 1.04 -1.39) (layer F.SilkS) (width 0.12))
    (fp_line (start 0.635 -0.27) (end 1.635 -1.27) (layer F.Fab) (width 0.1))
    (fp_line (start 0.635 6.35) (end 0.635 -0.27) (layer F.Fab) (width 0.1))
    (fp_line (start 6.985 6.35) (end 0.635 6.35) (layer F.Fab) (width 0.1))
    (fp_line (start 6.985 -1.27) (end 6.985 6.35) (layer F.Fab) (width 0.1))
    (fp_line (start 1.635 -1.27) (end 6.985 -1.27) (layer F.Fab) (width 0.1))
    (fp_text user %R (at 3.81 2.54 180) (layer F.Fab)
      (effects (font (size 1 1) (thickness 0.15)))
    )
    (pad 6 thru_hole oval (at 7.62 0 180) (size 1.6 1.6) (drill 0.8) (layers *.Cu *.Mask)
      (net 38 "Net-(U7-Pad6)"))
    (pad 3 thru_hole oval (at 0 5.08 180) (size 1.6 1.6) (drill 0.8) (layers *.Cu *.Mask)
      (net 39 "Net-(U7-Pad3)"))
    (pad 5 thru_hole oval (at 7.62 2.54 180) (size 1.6 1.6) (drill 0.8) (layers *.Cu *.Mask)
      (net 6 "Net-(R8-Pad1)"))
    (pad 2 thru_hole oval (at 0 2.54 180) (size 1.6 1.6) (drill 0.8) (layers *.Cu *.Mask)
      (net 27 "Net-(R18-Pad2)"))
    (pad 4 thru_hole oval (at 7.62 5.08 180) (size 1.6 1.6) (drill 0.8) (layers *.Cu *.Mask)
      (net 1 "Net-(J1-Pad4)"))
    (pad 1 thru_hole rect (at 0 0 180) (size 1.6 1.6) (drill 0.8) (layers *.Cu *.Mask)
      (net 25 "Net-(R17-Pad2)"))
    (model ${KISYS3DMOD}/Housings_DIP.3dshapes/DIP-6_W7.62mm.wrl
      (at (xyz 0 0 0))
      (scale (xyz 1 1 1))
      (rotate (xyz 0 0 0))
    )
  )

  (module Housings_DIP:DIP-6_W7.62mm (layer F.Cu) (tedit 58CC8E33) (tstamp 59BB8D0C)
    (at 176.53 47.625)
    (descr "6-lead dip package, row spacing 7.62 mm (300 mils)")
    (tags "DIL DIP PDIP 2.54mm 7.62mm 300mil")
    (path /59A51B03)
    (fp_text reference U6 (at 3.81 -2.39) (layer F.SilkS)
      (effects (font (size 1 1) (thickness 0.15)))
    )
    (fp_text value MOC3023M (at 3.81 7.47) (layer F.Fab)
      (effects (font (size 1 1) (thickness 0.15)))
    )
    (fp_text user %R (at 3.81 2.54) (layer F.Fab)
      (effects (font (size 1 1) (thickness 0.15)))
    )
    (fp_line (start 1.635 -1.27) (end 6.985 -1.27) (layer F.Fab) (width 0.1))
    (fp_line (start 6.985 -1.27) (end 6.985 6.35) (layer F.Fab) (width 0.1))
    (fp_line (start 6.985 6.35) (end 0.635 6.35) (layer F.Fab) (width 0.1))
    (fp_line (start 0.635 6.35) (end 0.635 -0.27) (layer F.Fab) (width 0.1))
    (fp_line (start 0.635 -0.27) (end 1.635 -1.27) (layer F.Fab) (width 0.1))
    (fp_line (start 2.81 -1.39) (end 1.04 -1.39) (layer F.SilkS) (width 0.12))
    (fp_line (start 1.04 -1.39) (end 1.04 6.47) (layer F.SilkS) (width 0.12))
    (fp_line (start 1.04 6.47) (end 6.58 6.47) (layer F.SilkS) (width 0.12))
    (fp_line (start 6.58 6.47) (end 6.58 -1.39) (layer F.SilkS) (width 0.12))
    (fp_line (start 6.58 -1.39) (end 4.81 -1.39) (layer F.SilkS) (width 0.12))
    (fp_line (start -1.1 -1.6) (end -1.1 6.6) (layer F.CrtYd) (width 0.05))
    (fp_line (start -1.1 6.6) (end 8.7 6.6) (layer F.CrtYd) (width 0.05))
    (fp_line (start 8.7 6.6) (end 8.7 -1.6) (layer F.CrtYd) (width 0.05))
    (fp_line (start 8.7 -1.6) (end -1.1 -1.6) (layer F.CrtYd) (width 0.05))
    (fp_arc (start 3.81 -1.39) (end 2.81 -1.39) (angle -180) (layer F.SilkS) (width 0.12))
    (pad 1 thru_hole rect (at 0 0) (size 1.6 1.6) (drill 0.8) (layers *.Cu *.Mask)
      (net 30 "Net-(R6-Pad1)"))
    (pad 4 thru_hole oval (at 7.62 5.08) (size 1.6 1.6) (drill 0.8) (layers *.Cu *.Mask)
      (net 32 "Net-(R16-Pad2)"))
    (pad 2 thru_hole oval (at 0 2.54) (size 1.6 1.6) (drill 0.8) (layers *.Cu *.Mask)
      (net 1 "Net-(J1-Pad4)"))
    (pad 5 thru_hole oval (at 7.62 2.54) (size 1.6 1.6) (drill 0.8) (layers *.Cu *.Mask)
      (net 36 "Net-(U6-Pad5)"))
    (pad 3 thru_hole oval (at 0 5.08) (size 1.6 1.6) (drill 0.8) (layers *.Cu *.Mask)
      (net 37 "Net-(U6-Pad3)"))
    (pad 6 thru_hole oval (at 7.62 0) (size 1.6 1.6) (drill 0.8) (layers *.Cu *.Mask)
      (net 22 "Net-(D2-Pad1)"))
    (model ${KISYS3DMOD}/Housings_DIP.3dshapes/DIP-6_W7.62mm.wrl
      (at (xyz 0 0 0))
      (scale (xyz 1 1 1))
      (rotate (xyz 0 0 0))
    )
  )

  (module Housings_DIP:DIP-6_W7.62mm (layer F.Cu) (tedit 58CC8E33) (tstamp 59BB8CF2)
    (at 184.15 42.545 180)
    (descr "6-lead dip package, row spacing 7.62 mm (300 mils)")
    (tags "DIL DIP PDIP 2.54mm 7.62mm 300mil")
    (path /59A51B09)
    (fp_text reference U5 (at 3.81 -2.39 180) (layer F.SilkS)
      (effects (font (size 1 1) (thickness 0.15)))
    )
    (fp_text value H11AA1 (at 3.81 7.47 180) (layer F.Fab)
      (effects (font (size 1 1) (thickness 0.15)))
    )
    (fp_arc (start 3.81 -1.39) (end 2.81 -1.39) (angle -180) (layer F.SilkS) (width 0.12))
    (fp_line (start 8.7 -1.6) (end -1.1 -1.6) (layer F.CrtYd) (width 0.05))
    (fp_line (start 8.7 6.6) (end 8.7 -1.6) (layer F.CrtYd) (width 0.05))
    (fp_line (start -1.1 6.6) (end 8.7 6.6) (layer F.CrtYd) (width 0.05))
    (fp_line (start -1.1 -1.6) (end -1.1 6.6) (layer F.CrtYd) (width 0.05))
    (fp_line (start 6.58 -1.39) (end 4.81 -1.39) (layer F.SilkS) (width 0.12))
    (fp_line (start 6.58 6.47) (end 6.58 -1.39) (layer F.SilkS) (width 0.12))
    (fp_line (start 1.04 6.47) (end 6.58 6.47) (layer F.SilkS) (width 0.12))
    (fp_line (start 1.04 -1.39) (end 1.04 6.47) (layer F.SilkS) (width 0.12))
    (fp_line (start 2.81 -1.39) (end 1.04 -1.39) (layer F.SilkS) (width 0.12))
    (fp_line (start 0.635 -0.27) (end 1.635 -1.27) (layer F.Fab) (width 0.1))
    (fp_line (start 0.635 6.35) (end 0.635 -0.27) (layer F.Fab) (width 0.1))
    (fp_line (start 6.985 6.35) (end 0.635 6.35) (layer F.Fab) (width 0.1))
    (fp_line (start 6.985 -1.27) (end 6.985 6.35) (layer F.Fab) (width 0.1))
    (fp_line (start 1.635 -1.27) (end 6.985 -1.27) (layer F.Fab) (width 0.1))
    (fp_text user %R (at 3.81 2.54 180) (layer F.Fab)
      (effects (font (size 1 1) (thickness 0.15)))
    )
    (pad 6 thru_hole oval (at 7.62 0 180) (size 1.6 1.6) (drill 0.8) (layers *.Cu *.Mask)
      (net 34 "Net-(U5-Pad6)"))
    (pad 3 thru_hole oval (at 0 5.08 180) (size 1.6 1.6) (drill 0.8) (layers *.Cu *.Mask)
      (net 35 "Net-(U5-Pad3)"))
    (pad 5 thru_hole oval (at 7.62 2.54 180) (size 1.6 1.6) (drill 0.8) (layers *.Cu *.Mask)
      (net 8 "Net-(R9-Pad1)"))
    (pad 2 thru_hole oval (at 0 2.54 180) (size 1.6 1.6) (drill 0.8) (layers *.Cu *.Mask)
      (net 29 "Net-(R15-Pad2)"))
    (pad 4 thru_hole oval (at 7.62 5.08 180) (size 1.6 1.6) (drill 0.8) (layers *.Cu *.Mask)
      (net 1 "Net-(J1-Pad4)"))
    (pad 1 thru_hole rect (at 0 0 180) (size 1.6 1.6) (drill 0.8) (layers *.Cu *.Mask)
      (net 26 "Net-(R14-Pad2)"))
    (model ${KISYS3DMOD}/Housings_DIP.3dshapes/DIP-6_W7.62mm.wrl
      (at (xyz 0 0 0))
      (scale (xyz 1 1 1))
      (rotate (xyz 0 0 0))
    )
  )

  (module Pin_Headers:Pin_Header_Straight_1x04_Pitch2.54mm (layer F.Cu) (tedit 59650532) (tstamp 59BB8CA4)
    (at 149.225 38.1 90)
    (descr "Through hole straight pin header, 1x04, 2.54mm pitch, single row")
    (tags "Through hole pin header THT 1x04 2.54mm single row")
    (path /59A4F8A3)
    (fp_text reference J1 (at 0 -2.33 90) (layer F.SilkS)
      (effects (font (size 1 1) (thickness 0.15)))
    )
    (fp_text value Serial (at 0 9.95 90) (layer F.Fab)
      (effects (font (size 1 1) (thickness 0.15)))
    )
    (fp_text user %R (at 0 3.81 180) (layer F.Fab)
      (effects (font (size 1 1) (thickness 0.15)))
    )
    (fp_line (start 1.8 -1.8) (end -1.8 -1.8) (layer F.CrtYd) (width 0.05))
    (fp_line (start 1.8 9.4) (end 1.8 -1.8) (layer F.CrtYd) (width 0.05))
    (fp_line (start -1.8 9.4) (end 1.8 9.4) (layer F.CrtYd) (width 0.05))
    (fp_line (start -1.8 -1.8) (end -1.8 9.4) (layer F.CrtYd) (width 0.05))
    (fp_line (start -1.33 -1.33) (end 0 -1.33) (layer F.SilkS) (width 0.12))
    (fp_line (start -1.33 0) (end -1.33 -1.33) (layer F.SilkS) (width 0.12))
    (fp_line (start -1.33 1.27) (end 1.33 1.27) (layer F.SilkS) (width 0.12))
    (fp_line (start 1.33 1.27) (end 1.33 8.95) (layer F.SilkS) (width 0.12))
    (fp_line (start -1.33 1.27) (end -1.33 8.95) (layer F.SilkS) (width 0.12))
    (fp_line (start -1.33 8.95) (end 1.33 8.95) (layer F.SilkS) (width 0.12))
    (fp_line (start -1.27 -0.635) (end -0.635 -1.27) (layer F.Fab) (width 0.1))
    (fp_line (start -1.27 8.89) (end -1.27 -0.635) (layer F.Fab) (width 0.1))
    (fp_line (start 1.27 8.89) (end -1.27 8.89) (layer F.Fab) (width 0.1))
    (fp_line (start 1.27 -1.27) (end 1.27 8.89) (layer F.Fab) (width 0.1))
    (fp_line (start -0.635 -1.27) (end 1.27 -1.27) (layer F.Fab) (width 0.1))
    (pad 4 thru_hole oval (at 0 7.62 90) (size 1.7 1.7) (drill 1) (layers *.Cu *.Mask)
      (net 1 "Net-(J1-Pad4)"))
    (pad 3 thru_hole oval (at 0 5.08 90) (size 1.7 1.7) (drill 1) (layers *.Cu *.Mask)
      (net 13 "Net-(J1-Pad3)"))
    (pad 2 thru_hole oval (at 0 2.54 90) (size 1.7 1.7) (drill 1) (layers *.Cu *.Mask)
      (net 14 "Net-(J1-Pad2)"))
    (pad 1 thru_hole rect (at 0 0 90) (size 1.7 1.7) (drill 1) (layers *.Cu *.Mask)
      (net 9 "Net-(J1-Pad1)"))
    (model ${KISYS3DMOD}/Pin_Headers.3dshapes/Pin_Header_Straight_1x04_Pitch2.54mm.wrl
      (at (xyz 0 0 0))
      (scale (xyz 1 1 1))
      (rotate (xyz 0 0 0))
    )
  )

  (module Resistors_SMD:R_1206_HandSoldering (layer F.Cu) (tedit 58E0A804) (tstamp 59BB8C8C)
    (at 167.64 63.5 180)
    (descr "Resistor SMD 1206, hand soldering")
    (tags "resistor 1206")
    (path /59A61B7F)
    (attr smd)
    (fp_text reference R8 (at 0 -1.85 180) (layer F.SilkS)
      (effects (font (size 1 1) (thickness 0.15)))
    )
    (fp_text value 10k (at 0 1.9 180) (layer F.Fab)
      (effects (font (size 1 1) (thickness 0.15)))
    )
    (fp_line (start 3.25 1.1) (end -3.25 1.1) (layer F.CrtYd) (width 0.05))
    (fp_line (start 3.25 1.1) (end 3.25 -1.11) (layer F.CrtYd) (width 0.05))
    (fp_line (start -3.25 -1.11) (end -3.25 1.1) (layer F.CrtYd) (width 0.05))
    (fp_line (start -3.25 -1.11) (end 3.25 -1.11) (layer F.CrtYd) (width 0.05))
    (fp_line (start -1 -1.07) (end 1 -1.07) (layer F.SilkS) (width 0.12))
    (fp_line (start 1 1.07) (end -1 1.07) (layer F.SilkS) (width 0.12))
    (fp_line (start -1.6 -0.8) (end 1.6 -0.8) (layer F.Fab) (width 0.1))
    (fp_line (start 1.6 -0.8) (end 1.6 0.8) (layer F.Fab) (width 0.1))
    (fp_line (start 1.6 0.8) (end -1.6 0.8) (layer F.Fab) (width 0.1))
    (fp_line (start -1.6 0.8) (end -1.6 -0.8) (layer F.Fab) (width 0.1))
    (fp_text user %R (at 0 0 180) (layer F.Fab)
      (effects (font (size 0.7 0.7) (thickness 0.105)))
    )
    (pad 2 smd rect (at 2 0 180) (size 2 1.7) (layers F.Cu F.Paste F.Mask)
      (net 9 "Net-(J1-Pad1)"))
    (pad 1 smd rect (at -2 0 180) (size 2 1.7) (layers F.Cu F.Paste F.Mask)
      (net 6 "Net-(R8-Pad1)"))
    (model ${KISYS3DMOD}/Resistors_SMD.3dshapes/R_1206.wrl
      (at (xyz 0 0 0))
      (scale (xyz 1 1 1))
      (rotate (xyz 0 0 0))
    )
  )

  (module Resistors_SMD:R_1206_HandSoldering (layer F.Cu) (tedit 58E0A804) (tstamp 59BB8C7B)
    (at 156.21 66.675 270)
    (descr "Resistor SMD 1206, hand soldering")
    (tags "resistor 1206")
    (path /59A61B09)
    (attr smd)
    (fp_text reference R9 (at 0 -1.85 270) (layer F.SilkS)
      (effects (font (size 1 1) (thickness 0.15)))
    )
    (fp_text value 10k (at 0 1.9 270) (layer F.Fab)
      (effects (font (size 1 1) (thickness 0.15)))
    )
    (fp_text user %R (at 0 0 270) (layer F.Fab)
      (effects (font (size 0.7 0.7) (thickness 0.105)))
    )
    (fp_line (start -1.6 0.8) (end -1.6 -0.8) (layer F.Fab) (width 0.1))
    (fp_line (start 1.6 0.8) (end -1.6 0.8) (layer F.Fab) (width 0.1))
    (fp_line (start 1.6 -0.8) (end 1.6 0.8) (layer F.Fab) (width 0.1))
    (fp_line (start -1.6 -0.8) (end 1.6 -0.8) (layer F.Fab) (width 0.1))
    (fp_line (start 1 1.07) (end -1 1.07) (layer F.SilkS) (width 0.12))
    (fp_line (start -1 -1.07) (end 1 -1.07) (layer F.SilkS) (width 0.12))
    (fp_line (start -3.25 -1.11) (end 3.25 -1.11) (layer F.CrtYd) (width 0.05))
    (fp_line (start -3.25 -1.11) (end -3.25 1.1) (layer F.CrtYd) (width 0.05))
    (fp_line (start 3.25 1.1) (end 3.25 -1.11) (layer F.CrtYd) (width 0.05))
    (fp_line (start 3.25 1.1) (end -3.25 1.1) (layer F.CrtYd) (width 0.05))
    (pad 1 smd rect (at -2 0 270) (size 2 1.7) (layers F.Cu F.Paste F.Mask)
      (net 8 "Net-(R9-Pad1)"))
    (pad 2 smd rect (at 2 0 270) (size 2 1.7) (layers F.Cu F.Paste F.Mask)
      (net 9 "Net-(J1-Pad1)"))
    (model ${KISYS3DMOD}/Resistors_SMD.3dshapes/R_1206.wrl
      (at (xyz 0 0 0))
      (scale (xyz 1 1 1))
      (rotate (xyz 0 0 0))
    )
  )

  (module Resistors_SMD:R_1206_HandSoldering (layer F.Cu) (tedit 58E0A804) (tstamp 59BB8C59)
    (at 173.355 57.15 90)
    (descr "Resistor SMD 1206, hand soldering")
    (tags "resistor 1206")
    (path /59A4E99A)
    (attr smd)
    (fp_text reference R7 (at 0 -1.85 90) (layer F.SilkS)
      (effects (font (size 1 1) (thickness 0.15)))
    )
    (fp_text value 470 (at 0 1.9 90) (layer F.Fab)
      (effects (font (size 1 1) (thickness 0.15)))
    )
    (fp_text user %R (at 0 0 90) (layer F.Fab)
      (effects (font (size 0.7 0.7) (thickness 0.105)))
    )
    (fp_line (start -1.6 0.8) (end -1.6 -0.8) (layer F.Fab) (width 0.1))
    (fp_line (start 1.6 0.8) (end -1.6 0.8) (layer F.Fab) (width 0.1))
    (fp_line (start 1.6 -0.8) (end 1.6 0.8) (layer F.Fab) (width 0.1))
    (fp_line (start -1.6 -0.8) (end 1.6 -0.8) (layer F.Fab) (width 0.1))
    (fp_line (start 1 1.07) (end -1 1.07) (layer F.SilkS) (width 0.12))
    (fp_line (start -1 -1.07) (end 1 -1.07) (layer F.SilkS) (width 0.12))
    (fp_line (start -3.25 -1.11) (end 3.25 -1.11) (layer F.CrtYd) (width 0.05))
    (fp_line (start -3.25 -1.11) (end -3.25 1.1) (layer F.CrtYd) (width 0.05))
    (fp_line (start 3.25 1.1) (end 3.25 -1.11) (layer F.CrtYd) (width 0.05))
    (fp_line (start 3.25 1.1) (end -3.25 1.1) (layer F.CrtYd) (width 0.05))
    (pad 1 smd rect (at -2 0 90) (size 2 1.7) (layers F.Cu F.Paste F.Mask)
      (net 33 "Net-(R7-Pad1)"))
    (pad 2 smd rect (at 2 0 90) (size 2 1.7) (layers F.Cu F.Paste F.Mask)
      (net 5 "Net-(R7-Pad2)"))
    (model ${KISYS3DMOD}/Resistors_SMD.3dshapes/R_1206.wrl
      (at (xyz 0 0 0))
      (scale (xyz 1 1 1))
      (rotate (xyz 0 0 0))
    )
  )

  (module Resistors_SMD:R_1206_HandSoldering (layer F.Cu) (tedit 58E0A804) (tstamp 59BB8C26)
    (at 189.23 51.435 180)
    (descr "Resistor SMD 1206, hand soldering")
    (tags "resistor 1206")
    (path /59A51B15)
    (attr smd)
    (fp_text reference R16 (at 0 -1.85 180) (layer F.SilkS)
      (effects (font (size 1 1) (thickness 0.15)))
    )
    (fp_text value 1K (at 0 1.9 180) (layer F.Fab)
      (effects (font (size 1 1) (thickness 0.15)))
    )
    (fp_line (start 3.25 1.1) (end -3.25 1.1) (layer F.CrtYd) (width 0.05))
    (fp_line (start 3.25 1.1) (end 3.25 -1.11) (layer F.CrtYd) (width 0.05))
    (fp_line (start -3.25 -1.11) (end -3.25 1.1) (layer F.CrtYd) (width 0.05))
    (fp_line (start -3.25 -1.11) (end 3.25 -1.11) (layer F.CrtYd) (width 0.05))
    (fp_line (start -1 -1.07) (end 1 -1.07) (layer F.SilkS) (width 0.12))
    (fp_line (start 1 1.07) (end -1 1.07) (layer F.SilkS) (width 0.12))
    (fp_line (start -1.6 -0.8) (end 1.6 -0.8) (layer F.Fab) (width 0.1))
    (fp_line (start 1.6 -0.8) (end 1.6 0.8) (layer F.Fab) (width 0.1))
    (fp_line (start 1.6 0.8) (end -1.6 0.8) (layer F.Fab) (width 0.1))
    (fp_line (start -1.6 0.8) (end -1.6 -0.8) (layer F.Fab) (width 0.1))
    (fp_text user %R (at 0 0 180) (layer F.Fab)
      (effects (font (size 0.7 0.7) (thickness 0.105)))
    )
    (pad 2 smd rect (at 2 0 180) (size 2 1.7) (layers F.Cu F.Paste F.Mask)
      (net 32 "Net-(R16-Pad2)"))
    (pad 1 smd rect (at -2 0 180) (size 2 1.7) (layers F.Cu F.Paste F.Mask)
      (net 21 "Net-(D2-Pad2)"))
    (model ${KISYS3DMOD}/Resistors_SMD.3dshapes/R_1206.wrl
      (at (xyz 0 0 0))
      (scale (xyz 1 1 1))
      (rotate (xyz 0 0 0))
    )
  )

  (module Resistors_SMD:R_1206_HandSoldering (layer F.Cu) (tedit 58E0A804) (tstamp 59BB8C15)
    (at 167.005 37.465)
    (descr "Resistor SMD 1206, hand soldering")
    (tags "resistor 1206")
    (path /59A4F761)
    (attr smd)
    (fp_text reference R4 (at 0 -1.85) (layer F.SilkS)
      (effects (font (size 1 1) (thickness 0.15)))
    )
    (fp_text value 10k (at 0 1.9) (layer F.Fab)
      (effects (font (size 1 1) (thickness 0.15)))
    )
    (fp_text user %R (at 0 0) (layer F.Fab)
      (effects (font (size 0.7 0.7) (thickness 0.105)))
    )
    (fp_line (start -1.6 0.8) (end -1.6 -0.8) (layer F.Fab) (width 0.1))
    (fp_line (start 1.6 0.8) (end -1.6 0.8) (layer F.Fab) (width 0.1))
    (fp_line (start 1.6 -0.8) (end 1.6 0.8) (layer F.Fab) (width 0.1))
    (fp_line (start -1.6 -0.8) (end 1.6 -0.8) (layer F.Fab) (width 0.1))
    (fp_line (start 1 1.07) (end -1 1.07) (layer F.SilkS) (width 0.12))
    (fp_line (start -1 -1.07) (end 1 -1.07) (layer F.SilkS) (width 0.12))
    (fp_line (start -3.25 -1.11) (end 3.25 -1.11) (layer F.CrtYd) (width 0.05))
    (fp_line (start -3.25 -1.11) (end -3.25 1.1) (layer F.CrtYd) (width 0.05))
    (fp_line (start 3.25 1.1) (end 3.25 -1.11) (layer F.CrtYd) (width 0.05))
    (fp_line (start 3.25 1.1) (end -3.25 1.1) (layer F.CrtYd) (width 0.05))
    (pad 1 smd rect (at -2 0) (size 2 1.7) (layers F.Cu F.Paste F.Mask)
      (net 10 "Net-(R4-Pad1)"))
    (pad 2 smd rect (at 2 0) (size 2 1.7) (layers F.Cu F.Paste F.Mask)
      (net 1 "Net-(J1-Pad4)"))
    (model ${KISYS3DMOD}/Resistors_SMD.3dshapes/R_1206.wrl
      (at (xyz 0 0 0))
      (scale (xyz 1 1 1))
      (rotate (xyz 0 0 0))
    )
  )

  (module Resistors_SMD:R_1206_HandSoldering (layer F.Cu) (tedit 58E0A804) (tstamp 59BB8C04)
    (at 189.23 61.595 180)
    (descr "Resistor SMD 1206, hand soldering")
    (tags "resistor 1206")
    (path /59A3772A)
    (attr smd)
    (fp_text reference R19 (at 0 -1.85 180) (layer F.SilkS)
      (effects (font (size 1 1) (thickness 0.15)))
    )
    (fp_text value 1K (at 0 1.9 180) (layer F.Fab)
      (effects (font (size 1 1) (thickness 0.15)))
    )
    (fp_line (start 3.25 1.1) (end -3.25 1.1) (layer F.CrtYd) (width 0.05))
    (fp_line (start 3.25 1.1) (end 3.25 -1.11) (layer F.CrtYd) (width 0.05))
    (fp_line (start -3.25 -1.11) (end -3.25 1.1) (layer F.CrtYd) (width 0.05))
    (fp_line (start -3.25 -1.11) (end 3.25 -1.11) (layer F.CrtYd) (width 0.05))
    (fp_line (start -1 -1.07) (end 1 -1.07) (layer F.SilkS) (width 0.12))
    (fp_line (start 1 1.07) (end -1 1.07) (layer F.SilkS) (width 0.12))
    (fp_line (start -1.6 -0.8) (end 1.6 -0.8) (layer F.Fab) (width 0.1))
    (fp_line (start 1.6 -0.8) (end 1.6 0.8) (layer F.Fab) (width 0.1))
    (fp_line (start 1.6 0.8) (end -1.6 0.8) (layer F.Fab) (width 0.1))
    (fp_line (start -1.6 0.8) (end -1.6 -0.8) (layer F.Fab) (width 0.1))
    (fp_text user %R (at 0 0 180) (layer F.Fab)
      (effects (font (size 0.7 0.7) (thickness 0.105)))
    )
    (pad 2 smd rect (at 2 0 180) (size 2 1.7) (layers F.Cu F.Paste F.Mask)
      (net 31 "Net-(R19-Pad2)"))
    (pad 1 smd rect (at -2 0 180) (size 2 1.7) (layers F.Cu F.Paste F.Mask)
      (net 24 "Net-(D3-Pad2)"))
